   2.0000000e+00   3.6912999e-01  -1.9364954e-01  -1.6296674e+00   4.0992587e-01  -1.3920881e+00   1.0286541e+00  -3.6215202e-02   9.7206962e-01  -1.6960371e+00   5.4303984e-01
   1.0000000e+00   2.1559360e-02   1.0689069e+00   3.9637916e-01  -6.6442464e-01  -4.6258733e-01   1.6040417e+00  -4.2840280e-01   9.3385940e-01   1.0078074e+00   3.5338967e-01
   2.0000000e+00   3.2225796e-01   9.9956377e-02  -4.0068077e-01  -6.6180432e-02   3.5449103e-02   1.5591094e+00  -2.3022705e+00   7.5119252e-01   2.3039858e+00   6.9504943e-01
   2.0000000e+00   1.4193155e-01  -6.7085888e-01  -1.8062920e+00   7.8149672e-01  -1.8908539e-01  -4.5184665e-01   1.0040648e+00   9.3060385e-01  -1.3424641e+00  -3.0677285e-01
   1.0000000e+00   3.5717019e-01  -3.5047787e-01   3.7455846e-01   2.2149860e-04   8.0930577e-01   1.1681003e+00  -2.6633210e-01  -7.0154520e-01   1.3342028e+00   2.5010114e-01
   2.0000000e+00   3.2297908e-01   6.6130368e-01   7.5066428e-01   1.0464634e-01   1.7140220e+00  -4.2508512e-01  -9.5010961e-01  -7.9852003e-01  -1.0519869e+00  -1.0662232e+00
   2.0000000e+00   1.1097517e+00   9.9896417e-01   2.1434499e+00   1.5061492e+00  -4.3805870e-01  -2.6272490e-01   6.5747275e-01   2.0045101e+00  -9.3599356e-01   1.0433893e+00
   2.0000000e+00   1.4899068e+00  -1.2239602e-01  -6.5977736e-01  -6.9865716e-01   2.2284066e-01  -3.9944872e-01  -2.4766534e-01   8.1130659e-01  -8.4292275e-01  -2.6709215e-02
   2.0000000e+00   9.5212355e-01  -3.6738366e-01  -4.8258443e-01  -6.9220144e-01  -6.7904328e-02  -7.4017727e-01  -1.4866634e+00  -1.2018085e-01  -5.0626540e-01   1.6958773e+00
   1.0000000e+00  -6.2038773e-01  -2.3329944e-01   1.9822411e-01   1.5416728e+00  -3.1903001e-01   7.7573060e-01  -5.9402992e-01   1.7960516e+00   2.5239445e-01  -3.1018994e-01
   2.0000000e+00  -2.4486668e-01   1.1831583e+00  -3.6356945e-01   3.0040902e-02   5.1591346e-01   1.7663958e+00  -1.4045853e-03   2.7428578e-01   5.1331119e-01   1.1828081e+00
   2.0000000e+00  -7.5495891e-01  -1.8042148e+00   1.7844277e-01  -2.8817969e-01  -1.3393447e+00  -9.9250419e-01  -8.9239210e-01   3.2349035e-01  -3.6118039e-01  -1.1044232e-02
   2.0000000e+00   7.5103143e-01   1.0177862e-02   3.4382182e-01  -8.5732158e-01   1.5495059e+00  -1.4435705e+00   9.8812753e-01   7.2993733e-01   4.8788855e-01   6.4922831e-02
   1.0000000e+00   7.1711516e-02   7.5035604e-01   1.7332029e-01   1.0988234e+00   3.4187500e-01  -1.5858014e-01  -4.8307037e-02   3.5443549e-01   1.8019442e+00   1.4109472e+00
   2.0000000e+00   1.1514311e+00  -1.9729718e+00   2.2562002e+00   3.4239443e-01  -1.8826172e+00   4.2431690e-01  -4.6170912e-01   1.4537465e+00  -5.6488602e-01   1.6230291e+00
   2.0000000e+00  -8.5781916e-01   4.7132487e-01  -1.0948551e+00   6.6662635e-02  -1.9321038e-01  -3.7530619e-01  -4.1714173e-01   2.3808525e+00  -1.0196274e-01   6.0594513e-01
   2.0000000e+00   8.2366933e-01   7.9385410e-01  -7.8593715e-02  -4.3630808e-01   3.4738661e-01  -1.9187697e-01   1.4619222e+00  -2.5444684e+00   3.3418038e-01  -1.3515073e-01
   2.0000000e+00   5.4508230e-01  -2.2458740e+00   1.6538863e-01  -7.4602875e-01  -1.0428742e+00   2.1575874e+00  -1.6956412e+00   7.4058772e-01   7.6036728e-01  -1.1768312e+00
   2.0000000e+00  -1.6417700e+00  -6.7990608e-01  -7.8552594e-01  -6.4658912e-01   2.0567744e+00  -2.5000998e-01   1.4383110e-01   3.7392606e-03   1.1061278e+00   3.6317694e+00
   2.0000000e+00   1.9017370e+00  -6.9107162e-01   2.1848846e+00   2.7486851e-01  -7.9016677e-01  -5.1365027e-01   1.9874098e+00  -1.8134011e+00   2.1523013e-02  -3.4524796e-01
   2.0000000e+00   5.8077325e-01  -1.5807689e+00  -2.5594389e-01   4.6068751e-01  -1.3292507e+00  -6.9005955e-02  -1.2751478e+00  -6.8980207e-01  -1.3846940e+00  -1.2843757e+00
   2.0000000e+00   5.5948236e-01  -7.7582939e-04  -7.0647140e-01  -8.6829039e-01   5.3931361e-01  -2.7065699e-01   2.4543463e-01  -1.4493144e+00   5.4594069e-01   2.8276398e-01
   2.0000000e+00   8.4035221e-02   6.1924167e-01  -1.6366165e+00   7.1507510e-02  -7.1546756e-01  -1.6502925e+00  -9.4325918e-01   5.6588787e-01   7.5939284e-01  -2.0954498e-01
   1.0000000e+00   2.8063932e-01   1.2215961e+00   4.6536507e-01  -1.5126506e+00   5.1493288e-02   5.5383773e-01  -4.8606933e-01  -1.4507888e+00  -6.9108095e-01  -2.9814842e-01
   1.0000000e+00   1.9884245e-01   2.3955276e+00   2.5215046e-01  -5.6226574e-01   1.6767568e-01   5.2154249e-01  -6.1270399e-01  -1.8947350e+00   9.6153261e-01  -1.0410712e+00
   2.0000000e+00  -1.0261955e+00   1.6782274e+00  -4.4337703e-01  -4.5169906e-01   8.4656465e-01   1.9546097e+00  -1.1285737e+00  -1.9057544e+00   6.9877836e-01   2.5348815e-01
   2.0000000e+00  -1.0497483e+00  -6.5316800e-01   9.4408131e-01  -1.1578366e+00  -3.7286566e-01  -9.2518643e-01  -1.1926567e+00   6.5032686e-03  -2.4375351e-01  -2.5951043e-01
   2.0000000e+00  -4.9508944e-01  -6.5546763e-01   1.1427284e+00   1.6969464e-01   7.6724286e-01   1.8932252e-01   7.7164251e-01  -1.5060131e+00  -1.5275654e-01  -7.0790236e-01
   1.0000000e+00   2.4192326e+00   4.9050511e-01   5.2789346e-01  -7.1321151e-01  -7.6495755e-01  -3.4566936e-01   6.7305033e-01  -4.2064689e-02  -1.1140511e+00  -7.8219642e-01
   2.0000000e+00   7.6246913e-01   6.7182709e-02  -7.7851004e-01  -6.2549594e-01  -8.9186984e-01   6.5157893e-01   1.0935051e-01  -1.7445259e-01   3.9785840e-01   5.2132642e-01
   2.0000000e+00   8.8035567e-01   8.3073898e-01  -4.4311320e-01  -4.6058634e-01   5.5553499e-01   5.2981188e-01  -2.0847233e-01   1.2410137e+00  -6.3834220e-01   2.2933170e-01
   2.0000000e+00  -5.4463736e-02  -2.9392149e-01  -3.5367762e-01  -1.0651493e-01  -3.0537235e-02  -2.7785514e+00  -8.2776498e-01   1.2785357e-01   8.9272907e-01   7.7109109e-01
   2.0000000e+00   1.0861223e+00  -5.8655020e-01   1.3489503e+00  -5.0847120e-01  -1.0364642e+00  -1.0959838e+00  -1.4030705e+00   1.4802929e+00   1.1609008e+00  -9.3872078e-02
   2.0000000e+00   7.3382642e-01   3.0369942e-01   1.3266326e+00   2.0386356e-01   5.9189902e-01   3.1278080e-01  -1.3086476e+00   7.3643383e-01   1.1325919e+00  -2.4259046e-01
   2.0000000e+00  -8.4479578e-01  -1.5152915e+00   1.2402124e+00  -1.1954243e+00   1.2488317e+00  -2.1996526e-02   1.7539909e+00   4.4219690e-01   5.3271705e-02   1.1695094e+00
   2.0000000e+00   7.2322471e-01  -4.0190477e-02   1.5660457e+00   1.9308172e+00   2.8217850e-01   8.3062128e-02  -4.1839904e-01  -7.3947519e-01  -6.4038097e-01  -4.1098964e-01
   2.0000000e+00   8.8101798e-01   8.0342167e-01  -1.0017251e+00   6.7531487e-01   3.1785750e-01   5.6356019e-01   2.0789797e-01   3.6013930e-02  -2.5592492e-01   1.0467612e+00
   2.0000000e+00  -1.2492595e+00   1.0021004e+00  -1.4456553e-02  -1.6236708e+00  -1.3857052e+00   1.2009683e+00  -5.4226305e-01  -1.7467136e+00   1.3398793e+00  -5.7513258e-01
   2.0000000e+00   5.4309000e-01  -5.6007241e-01  -1.5476090e+00  -2.7057148e-01   8.9729076e-01  -1.5173148e+00  -8.1844555e-01   6.1364655e-01   2.2321229e-01   1.2924741e-01
   2.0000000e+00  -1.4885330e+00   4.2387905e-01   1.4526323e+00  -2.3600478e-01   4.4697766e-01   6.6367302e-02   9.6172558e-01  -1.5700985e-02   1.6609061e+00  -6.1671155e-01
   2.0000000e+00  -3.4022178e-01   4.5459206e-01  -1.9071668e-01   1.2374611e+00   8.7240948e-01   9.4723715e-01  -8.1906388e-01   2.5393690e-01  -5.1332156e-01   1.3267055e+00
   2.0000000e+00  -7.3928590e-01   4.5618442e-02   9.9014403e-02   1.7278007e-01  -1.5741357e+00   1.2478537e+00   1.6703019e+00   2.4870393e-01  -1.9156126e+00   1.1833590e+00
   2.0000000e+00   2.2284426e-01  -8.8351466e-01   7.9104645e-01   6.6142791e-01   1.6893936e+00   1.1055724e+00  -9.7168132e-01  -6.2824618e-01  -7.1434141e-01  -1.1809846e+00
   2.0000000e+00   1.2066569e+00  -1.3138563e+00  -6.5154479e-01  -6.8562918e-01   2.1808197e+00   1.1694903e+00  -2.2236665e+00  -1.4508640e+00   5.8848456e-01   1.2395051e-01
   2.0000000e+00   9.8662114e-01  -1.2136884e+00  -1.2486329e-01   1.1856192e-01   4.0409903e-01  -7.5973161e-01  -9.4815229e-01   3.3410625e+00  -1.4843546e-01   9.7549591e-01
   2.0000000e+00   1.1379924e+00   4.5738885e-01   3.2009462e-02  -7.9965143e-02   2.1968049e+00  -6.4543921e-01  -1.2804820e+00   2.9595667e-01   5.1691106e-01  -2.8438508e-01
   1.0000000e+00  -2.7389275e-01   1.0817547e+00   1.9190100e-01  -8.1317069e-02   1.0493904e+00  -2.4813867e-01   5.2662992e-01  -2.3971333e-01   2.1766508e-01   2.2980466e-01
   2.0000000e+00  -5.3168377e-01   7.8135233e-01  -9.1882227e-02   6.7321062e-01   7.1580935e-01  -1.9423031e-01  -4.8872335e-02  -6.5187118e-01  -8.1869192e-01   1.5043127e-01
   2.0000000e+00   1.5731327e+00   3.5293815e-01   2.5694979e-01  -1.2325527e+00  -6.5485920e-01  -5.9103967e-01  -1.1258856e+00  -5.5611777e-01   1.7408556e+00   7.4077043e-02
   2.0000000e+00   7.1977111e-01  -1.0186121e+00  -5.6920615e-02  -3.4780163e-02   7.2298410e-01  -3.1754085e-01  -3.7366617e-01   2.1916743e-01   1.8640620e+00  -1.9058125e-01
   2.0000000e+00   2.5913119e-01  -3.7318995e-01   1.1574171e-01   2.4176750e+00   1.5891667e+00   1.7841480e-01  -1.1675329e-01  -4.2577134e-01   3.9188719e-01   6.0815314e-02
   2.0000000e+00   7.5238665e-01  -9.4058369e-02   6.3615534e-01  -2.8951041e-01  -5.6828716e-01   5.8678432e-01  -6.5221781e-01  -7.7296664e-01   9.8701051e-01  -5.9401976e-01
   2.0000000e+00  -1.7194629e+00  -1.2241669e+00  -1.2172245e-01   1.3408302e+00  -1.9490498e-01   1.3129603e+00   2.7758970e-01   2.7132927e-01  -4.3996643e-01   1.5936978e+00
   2.0000000e+00   2.5303310e-01   3.1941724e-01  -1.1064584e+00   6.2844806e-02   1.2970158e+00  -1.7797652e-01  -7.6635912e-02   3.5709117e-01   7.7266009e-02  -8.1531739e-01
   1.0000000e+00   3.1375049e-01   1.0234157e+00   1.8031829e-01  -1.1587160e+00   5.0871979e-01  -2.0587312e+00   4.8927112e-02   7.2170897e-01   2.2991750e-01  -8.7148126e-01
   1.0000000e+00   7.5481569e-01  -1.4563089e+00   1.1054666e-01  -4.5744495e-01  -8.8883208e-01  -1.3327519e+00  -6.7378553e-01   1.5464166e-01   3.9890280e-01  -1.9594284e+00
   2.0000000e+00  -6.8199779e-01  -1.0624233e-01  -1.0862031e+00   1.7536254e-01   1.9830981e+00  -1.9664618e+00   3.4399274e-01  -7.7601676e-01   6.9249808e-01   1.5763948e-01
   2.0000000e+00  -3.6746610e-01   4.8282956e-01  -3.7658751e-01  -6.8928120e-01  -9.5644185e-01   1.3818248e+00  -1.6720807e+00   7.3396312e-01  -4.0253027e-01  -1.7941287e+00
   2.0000000e+00   1.0807200e+00  -4.5083931e-01   9.1439210e-01   2.7694143e-01   2.8912428e-01  -1.2665803e+00  -5.4233284e-01  -3.2853396e-01   1.4736027e+00  -1.4887148e-01
   2.0000000e+00   2.0598228e-01  -2.2427461e-01  -8.0094701e-01   1.1515610e+00  -1.3986897e+00   1.7713643e+00  -1.3481321e+00   4.2064273e-01  -6.1002515e-01   2.0517910e-01
   2.0000000e+00  -4.6480760e-01   1.4091098e+00  -1.9730657e-01   7.7970817e-01   7.9958521e-01  -1.2321665e+00  -8.4730349e-01   8.0222678e-01   5.4996157e-01  -5.4689199e-01
   2.0000000e+00   5.4569902e-01  -1.4673897e-01  -5.0482573e-01  -1.1770758e+00   9.5542935e-01   9.9453542e-01   6.8256325e-01  -8.8883072e-01  -1.1791988e+00   1.4340605e-01
   2.0000000e+00  -1.7030726e+00   6.0656320e-03  -1.2336430e+00   5.4938598e-01  -1.2287279e+00  -7.8935409e-01  -1.2016350e-01   2.1368499e+00   8.0435012e-01  -1.5059678e+00
   2.0000000e+00  -1.4690876e-01   2.6734007e+00  -1.2927944e+00   1.5689814e+00  -1.7837703e+00   1.6282346e+00   6.4257302e-01  -5.3210274e-01   7.6823440e-01   1.8487015e-01
   2.0000000e+00  -5.4177731e-02  -1.3019993e+00  -3.7352053e-02   6.7968188e-01  -8.9062935e-01  -7.4509174e-01   5.5073780e-03   2.0149009e+00   4.1476573e-01  -8.0344876e-02
   2.0000000e+00  -2.8153016e-01  -7.0580043e-01  -1.8682917e-01   3.6880591e-01   8.4469551e-02  -6.1008123e-01  -1.0078123e+00   1.2706491e-01   1.6081679e-01   1.0944440e+00
   2.0000000e+00  -2.4863296e-01  -1.1810242e+00  -3.0297450e-01  -1.5659875e+00  -4.3129439e-01  -2.2789591e-01  -3.6216969e-01   5.0808948e-01  -8.0330851e-01   1.1445005e-02
   2.0000000e+00  -2.5473397e-01  -2.5252437e-01   1.1188096e+00  -8.0560331e-01  -7.2410474e-01  -1.0311623e-01  -1.7367852e+00   1.0509271e+00  -2.0366473e-01  -1.2210893e-01
   2.0000000e+00   8.8021513e-01   1.2439649e+00   7.3118554e-01   6.4956135e-01   9.1566030e-01  -4.2996298e-01  -1.8937545e+00   8.8121446e-01   1.0675606e+00   1.7965735e+00
   2.0000000e+00   5.2240790e-01  -2.0001684e-01   1.3060027e+00   4.6487069e-01   6.9926595e-01  -9.3219350e-02   1.9617532e+00  -1.0180009e+00  -2.8378048e-01  -1.2563311e+00
   2.0000000e+00   6.9719701e-01  -6.1933615e-02   1.0411123e+00  -2.1351160e-01  -2.1730992e+00   8.9422557e-02  -1.0066375e+00  -5.9917097e-01   7.4318141e-01  -1.1204373e+00
   2.0000000e+00   3.7353278e-01   5.7925712e-01   9.6112522e-01   1.9436031e-01   1.0789832e+00  -1.3692920e+00  -2.6451435e-02   2.6236356e-01   3.4779920e-01   1.6020078e+00
   2.0000000e+00  -1.0643324e+00  -2.2148509e-01  -4.0664539e-01  -6.8937151e-01   4.4630173e-01  -1.0744825e+00  -1.4360294e+00   2.8887848e+00   1.8745069e+00  -8.9197855e-01
   2.0000000e+00   1.5408362e+00   1.0626131e+00  -1.9500405e-01   2.9737520e-01   1.6795870e+00  -1.4563170e+00   6.0834105e-01   1.2588533e+00   7.9067337e-01  -3.2770967e-01
   2.0000000e+00  -2.0172691e+00   3.2895477e-01  -1.2680217e+00  -1.3993740e+00  -1.2162512e+00   4.9135500e-01   3.5460052e-01   1.0765503e+00   1.6012682e-01   1.0002585e-01
   1.0000000e+00   8.6092848e-01  -2.3069351e-01   1.4595043e-01   4.4579721e-01  -3.6333021e-01   9.8142443e-01   5.8783778e-01  -6.1729806e-01   4.5683883e-01   4.8961184e-02
   2.0000000e+00   2.5850204e-01  -1.0360174e+00  -7.5055855e-01   3.9277936e-01  -7.9155036e-01  -4.8158886e-02  -7.5393328e-02   9.9185834e-01  -2.3594423e-01   1.4871747e+00
   2.0000000e+00  -8.9363276e-01  -3.9267966e-01   2.8730647e-01  -3.6670855e-01   5.1853092e-01   1.0852326e+00  -1.2562628e+00   7.5529187e-01   6.4947641e-01  -2.1315844e+00
   2.0000000e+00   2.1861924e-01  -1.3114462e+00   1.1514344e-01   9.2788426e-01  -1.0245895e+00  -9.0805029e-01   1.8553061e+00   6.5307716e-01  -1.1425353e-01   1.0415919e+00
   2.0000000e+00   8.9926243e-01  -9.2229654e-01   2.0627449e+00  -1.0310996e+00   8.2248508e-01  -3.2383994e-02  -1.9310134e+00   9.8510020e-01   6.2199691e-01  -1.7281368e-01
   2.0000000e+00  -7.4783450e-01  -1.4800175e+00   9.9594269e-01   2.7698406e-01  -7.9579809e-01   1.4900034e+00  -9.1777177e-01  -6.0978995e-02   1.9895585e+00  -7.0148445e-01
   2.0000000e+00   5.2895870e-01  -1.7596932e-01  -2.8696166e-01   3.5185487e-01   4.2044767e-01   1.1195551e+00   6.6007081e-01  -1.2660296e+00   1.5748025e+00   1.3008414e-01
   2.0000000e+00  -2.4611320e-01  -1.2597079e-01  -1.1870842e+00   5.6863587e-01  -4.5009194e-01   1.5585947e+00  -3.6343808e-01  -8.7142950e-01   7.5672589e-01   1.7997092e-01
   2.0000000e+00  -7.1798556e-01  -5.9419768e-01  -1.6834248e+00   1.2860011e+00  -8.9246520e-01   8.4643901e-01   6.0982311e-01   2.5109281e+00   1.9370313e-01  -2.0086196e+00
   1.0000000e+00   5.4281808e-01  -6.9883528e-01   2.8598331e-01   5.6402704e-01  -1.9168958e+00  -1.2041769e-01   5.8650258e-01  -7.2050723e-01   8.8884635e-01   3.5269338e-01
   2.0000000e+00   4.2027211e-01   6.5306493e-01   1.0769058e+00   6.1697943e-01  -4.0479974e-01   8.8801751e-01  -8.7048860e-01  -8.6017018e-01   1.8991684e+00  -1.5814331e-01
   2.0000000e+00   1.1656132e-01  -1.8654111e-01  -1.2171778e-02   2.2050780e-01  -2.7886346e-01  -2.2373054e+00   7.7809077e-01   2.1235361e+00  -5.9599412e-01   5.7913721e-01
   2.0000000e+00   8.6557453e-01   1.3409460e+00  -9.3794667e-01  -1.0505006e+00   4.0236430e-01   6.7191347e-01  -3.6532755e-01  -7.5533132e-01  -1.0490386e-01   2.0177287e-01
   2.0000000e+00   1.0656200e+00   1.3660619e-01  -1.6365869e+00   1.9757898e-02  -1.7125145e+00   6.5050332e-01  -1.1109200e+00  -1.6764822e+00  -4.2277665e-01  -4.8689030e-01
   2.0000000e+00  -7.0416465e-02   1.6777888e+00  -1.0257672e+00  -6.7523723e-01   6.1225270e-01  -1.3472477e+00   8.1388269e-01   7.4681108e-03   4.6863432e-01   2.8207741e-01
   2.0000000e+00  -6.1457987e-01   5.2778601e-01   2.6381778e-01  -5.9427829e-02   1.1718353e+00  -1.1929286e-01   9.7108241e-01   1.1501265e-01   7.4961817e-01   8.2659450e-01
   2.0000000e+00   3.6448217e-01   6.0789220e-01  -1.7656531e-01   5.7280268e-01   1.0237723e+00  -8.5683957e-01   5.0483805e-01   6.7174224e-01  -3.2500541e-01  -2.3828873e-01
   2.0000000e+00  -4.1142371e-01   3.8340152e-01  -2.4635075e-01  -8.4187864e-01   7.0534171e-01   2.2289632e-01  -1.0989795e-01   1.2053455e+00   1.0114136e+00   5.5864801e-02
   2.0000000e+00  -6.9359918e-01   1.6705837e+00   1.9655051e+00  -3.3851170e-01  -2.7445304e-01   5.6429353e-01  -1.2722426e+00   2.2735314e+00  -1.7285421e+00   1.5935489e+00
   2.0000000e+00   1.8356071e-01   1.6304878e+00   8.9396419e-01  -1.3748115e+00  -2.2539168e+00   6.4058635e-01   4.5675693e-01  -2.9694546e-01  -5.4666722e-01  -9.0500487e-01
   1.0000000e+00  -9.9737377e-01   2.4621399e-01   8.1792035e-01   1.1080363e+00   1.0425316e-01   4.3315038e-01   3.5201146e-01   1.8784316e-01   1.0344682e-01  -1.0651026e+00
   2.0000000e+00   1.8907635e+00  -1.2587967e-01  -5.6051863e-01   9.0607054e-01   8.8420305e-01  -2.4115967e+00  -2.9328804e-01   6.9899557e-01  -9.4451441e-01   1.8328033e+00
   2.0000000e+00   1.2439788e+00  -4.2780551e-01   1.6003113e+00  -1.1169423e-01   3.5130888e-01   5.1682810e-01  -2.4012757e-01   1.1969123e+00  -3.7170396e-02  -7.9341894e-01
   2.0000000e+00   1.8351863e-01   1.4889524e+00   1.7889882e+00  -6.6959795e-01   1.7837152e-01   7.6766198e-01   4.2722791e-01   3.5776676e-01   1.0166431e-01  -2.5193638e+00
   1.0000000e+00   2.7670212e-02   1.6914489e+00   1.4544952e-01  -7.6182754e-01  -1.0795378e+00   3.8348685e-01  -4.0830395e-01  -5.4833004e-01   1.2388998e+00   1.4442414e-01
